Inference for Bugs model at "modelIPDNMR", fit using jags,
 2 chains, each with 1e+05 iterations (first 1000 discarded), n.thin = 10
 n.sims = 19800 iterations saved
              mu.vect      sd.vect    2.5%    25%    50%     75%         97.5%  Rhat n.eff
Beta      1.25400e+00 1.250000e-01   1.009  1.169  1.254   1.337         1.506 1.001 20000
ORref[1]  1.90418e+16 2.070925e+18   0.000  0.001  1.159 872.997 290041125.262 1.001 20000
ORref[2]  4.01000e-01 5.900000e-02   0.299  0.359  0.396   0.437         0.526 1.001  5500
ORref[3]  4.95000e-01 1.100000e-01   0.312  0.417  0.484   0.562         0.737 1.001  6100
ORref[4]  2.72000e-01 4.400000e-02   0.196  0.241  0.269   0.299         0.366 1.001 20000
ORref[5]  1.00000e+00 0.000000e+00   1.000  1.000  1.000   1.000         1.000 1.000     1
be[1]     1.35000e-01 9.986000e+00 -19.407 -6.611  0.101   6.877        19.732 1.001 20000
be[2]     2.28000e-01 2.670000e-01  -0.297  0.049  0.231   0.410         0.741 1.001 16000
be[3]    -4.30000e-02 4.180000e-01  -0.852 -0.325 -0.048   0.236         0.786 1.001 20000
be[4]    -1.14000e-01 2.960000e-01  -0.710 -0.310 -0.107   0.085         0.450 1.001 17000
be[5]     0.00000e+00 0.000000e+00   0.000  0.000  0.000   0.000         0.000 1.000     1
d[1]      9.20000e-02 9.951000e+00 -19.556 -6.633  0.148   6.772        19.486 1.001 20000
d[2]     -9.26000e-01 1.460000e-01  -1.209 -1.025 -0.925  -0.827        -0.642 1.001  5500
d[3]     -7.28000e-01 2.210000e-01  -1.165 -0.875 -0.725  -0.576        -0.305 1.001  6100
d[4]     -1.31500e+00 1.600000e-01  -1.630 -1.422 -1.313  -1.206        -1.005 1.001 20000
d[5]      0.00000e+00 0.000000e+00   0.000  0.000  0.000   0.000         0.000 1.000     1
u[1]     -8.84000e-01 1.120000e-01  -1.105 -0.959 -0.884  -0.807        -0.669 1.001 20000
u[2]     -9.85000e-01 1.170000e-01  -1.217 -1.063 -0.985  -0.906        -0.758 1.001 20000
u[3]     -9.61000e-01 9.600000e-02  -1.154 -1.025 -0.961  -0.896        -0.773 1.001 20000
u[4]      8.25000e-01 1.480000e-01   0.540  0.724  0.823   0.924         1.118 1.001 20000

For each parameter, n.eff is a crude measure of effective sample size,
and Rhat is the potential scale reduction factor (at convergence, Rhat=1).
