Inference for Bugs model at "modelIPDNMR", fit using jags,
 2 chains, each with 10000 iterations (first 1000 discarded), n.thin = 10
 n.sims = 1800 iterations saved
              mu.vect sd.vect    2.5%    25%    50%    75%  97.5%  Rhat n.eff
Beta            1.256   0.160   0.947  1.150  1.253  1.364  1.576 1.001  1700
ORref[1]        0.415   0.061   0.308  0.372  0.412  0.454  0.548 1.004   380
ORref[2]        0.505   0.117   0.317  0.425  0.489  0.571  0.772 1.000  1800
ORref[3]        0.298   0.047   0.216  0.264  0.294  0.326  0.396 1.000  1800
ORref[4]        1.000   0.000   1.000  1.000  1.000  1.000  1.000 1.000     1
be[1]           0.248   0.313  -0.351  0.040  0.242  0.460  0.868 1.004   470
be[2]           0.233   0.496  -0.711 -0.101  0.221  0.547  1.287 1.001  1800
be[3]          -0.261   0.373  -1.012 -0.498 -0.253 -0.015  0.429 1.001  1800
be[4]           0.000   0.000   0.000  0.000  0.000  0.000  0.000 1.000     1
d[1]           -0.889   0.147  -1.177 -0.990 -0.887 -0.791 -0.602 1.004   380
d[2]           -0.710   0.227  -1.149 -0.856 -0.715 -0.560 -0.259 1.000  1800
d[3]           -1.224   0.156  -1.534 -1.330 -1.225 -1.122 -0.927 1.000  1800
d[4]            0.000   0.000   0.000  0.000  0.000  0.000  0.000 1.000     1
logitp[1,1]    -5.937   1.724  -9.480 -7.095 -5.909 -4.776 -2.597 1.004   470
logitp[2,1]    -4.879   1.430  -7.818 -5.835 -4.851 -3.929 -2.112 1.004   460
logitp[3,1]    -4.254   1.257  -6.827 -5.100 -4.238 -3.422 -1.823 1.004   460
logitp[4,1]    -3.805   1.133  -6.112 -4.574 -3.796 -3.056 -1.605 1.004   450
logitp[5,1]    -3.454   1.036  -5.556 -4.160 -3.454 -2.772 -1.437 1.004   450
logitp[6,1]    -3.164   0.956  -5.104 -3.813 -3.160 -2.536 -1.299 1.004   440
logitp[7,1]    -2.916   0.888  -4.719 -3.531 -2.909 -2.332 -1.189 1.004   440
logitp[8,1]    -2.699   0.829  -4.381 -3.271 -2.694 -2.154 -1.102 1.004   440
logitp[9,1]    -2.505   0.776  -4.079 -3.038 -2.501 -1.993 -1.014 1.004   430
logitp[10,1]   -2.330   0.728  -3.807 -2.829 -2.326 -1.851 -0.935 1.004   430
logitp[11,1]   -2.170   0.684  -3.558 -2.640 -2.164 -1.720 -0.862 1.004   430
logitp[12,1]   -2.022   0.644  -3.328 -2.470 -2.017 -1.599 -0.795 1.004   430
logitp[13,1]   -1.885   0.607  -3.107 -2.303 -1.881 -1.488 -0.734 1.004   420
logitp[14,1]   -1.756   0.572  -2.901 -2.146 -1.754 -1.384 -0.674 1.004   420
logitp[15,1]   -1.634   0.540  -2.704 -2.005 -1.634 -1.285 -0.619 1.004   420
logitp[16,1]   -1.519   0.509  -2.537 -1.872 -1.519 -1.187 -0.567 1.004   410
logitp[17,1]   -1.410   0.481  -2.374 -1.741 -1.406 -1.096 -0.517 1.004   410
logitp[18,1]   -1.306   0.453  -2.217 -1.620 -1.305 -1.007 -0.466 1.004   410
logitp[19,1]   -1.206   0.427  -2.065 -1.503 -1.202 -0.922 -0.409 1.004   410
logitp[20,1]   -1.110   0.402  -1.923 -1.387 -1.107 -0.841 -0.351 1.004   410
logitp[21,1]   -1.018   0.379  -1.781 -1.279 -1.014 -0.760 -0.298 1.004   410
logitp[22,1]   -0.929   0.356  -1.641 -1.173 -0.926 -0.686 -0.245 1.004   400
logitp[23,1]   -0.843   0.335  -1.512 -1.072 -0.841 -0.612 -0.194 1.004   400
logitp[24,1]   -0.759   0.315  -1.391 -0.972 -0.757 -0.542 -0.152 1.004   410
logitp[25,1]   -0.678   0.295  -1.262 -0.874 -0.677 -0.476 -0.106 1.004   410
logitp[26,1]   -0.599   0.277  -1.132 -0.782 -0.596 -0.408 -0.060 1.004   410
logitp[27,1]   -0.521   0.259  -1.023 -0.695 -0.518 -0.341 -0.017 1.004   420
logitp[28,1]   -0.446   0.243  -0.914 -0.608 -0.444 -0.276  0.031 1.004   430
logitp[29,1]   -0.372   0.228  -0.810 -0.525 -0.374 -0.215  0.078 1.004   440
logitp[30,1]   -0.300   0.213  -0.711 -0.445 -0.304 -0.152  0.125 1.004   460
logitp[31,1]   -0.229   0.201  -0.621 -0.365 -0.234 -0.091  0.166 1.004   490
logitp[32,1]   -0.159   0.189  -0.524 -0.288 -0.164 -0.028  0.214 1.003   530
logitp[33,1]   -0.091   0.179  -0.435 -0.214 -0.089  0.031  0.259 1.003   590
logitp[34,1]   -0.023   0.171  -0.354 -0.145 -0.022  0.093  0.311 1.003   690
logitp[35,1]    0.043   0.164  -0.277 -0.074  0.044  0.157  0.364 1.002   830
logitp[36,1]    0.109   0.160  -0.202  0.000  0.111  0.219  0.418 1.002  1100
logitp[37,1]    0.174   0.158  -0.138  0.067  0.175  0.284  0.482 1.001  1500
logitp[38,1]    0.238   0.157  -0.069  0.131  0.237  0.351  0.544 1.001  1800
logitp[39,1]    0.302   0.159  -0.004  0.191  0.305  0.416  0.606 1.001  1800
logitp[40,1]    0.365   0.162   0.040  0.252  0.368  0.478  0.681 1.001  1800
logitp[41,1]    0.427   0.167   0.090  0.312  0.430  0.543  0.753 1.000  1800
logitp[42,1]    0.489   0.174   0.140  0.367  0.491  0.607  0.825 1.001  1800
logitp[43,1]    0.551   0.182   0.186  0.426  0.553  0.674  0.898 1.001  1800
logitp[44,1]    0.612   0.192   0.233  0.483  0.613  0.741  0.981 1.002  1800
logitp[45,1]    0.673   0.202   0.271  0.537  0.675  0.807  1.059 1.002  1800
logitp[46,1]    0.733   0.213   0.304  0.592  0.732  0.873  1.147 1.002  1800
logitp[47,1]    0.794   0.225   0.338  0.645  0.791  0.941  1.230 1.008  1800
logitp[48,1]    0.854   0.237   0.381  0.701  0.850  1.008  1.319 1.006  1800
logitp[49,1]    0.914   0.250   0.423  0.752  0.908  1.076  1.412 1.005  1800
logitp[50,1]    0.975   0.263   0.467  0.805  0.966  1.145  1.496 1.005  1800
logitp[51,1]    1.035   0.277   0.493  0.858  1.025  1.212  1.596 1.004  1800
logitp[52,1]    1.095   0.291   0.524  0.912  1.087  1.284  1.683 1.004  1800
logitp[53,1]    1.155   0.305   0.562  0.961  1.147  1.356  1.770 1.004  1800
logitp[54,1]    1.216   0.319   0.596  1.016  1.204  1.425  1.860 1.003  1800
logitp[55,1]    1.276   0.334   0.623  1.067  1.263  1.493  1.944 1.003  1800
logitp[56,1]    1.337   0.349   0.649  1.117  1.327  1.565  2.037 1.003  1800
logitp[57,1]    1.398   0.365   0.675  1.169  1.388  1.639  2.134 1.002  1800
logitp[58,1]    1.460   0.380   0.703  1.218  1.451  1.711  2.233 1.002  1800
logitp[59,1]    1.522   0.396   0.730  1.267  1.513  1.782  2.329 1.002  1800
logitp[60,1]    1.584   0.412   0.762  1.315  1.577  1.854  2.426 1.002  1800
logitp[61,1]    1.647   0.428   0.796  1.364  1.640  1.928  2.525 1.001  1800
logitp[62,1]    1.711   0.445   0.830  1.412  1.702  2.002  2.619 1.001  1800
logitp[63,1]    1.775   0.462   0.864  1.468  1.764  2.080  2.711 1.001  1800
logitp[64,1]    1.840   0.479   0.899  1.519  1.832  2.160  2.804 1.001  1800
logitp[65,1]    1.906   0.496   0.934  1.573  1.896  2.238  2.905 1.001  1800
logitp[66,1]    1.972   0.514   0.969  1.629  1.960  2.312  3.008 1.001  1700
logitp[67,1]    2.040   0.532   1.000  1.685  2.027  2.390  3.113 1.001  1600
logitp[68,1]    2.108   0.550   1.028  1.738  2.097  2.471  3.216 1.001  1500
logitp[69,1]    2.178   0.569   1.053  1.796  2.167  2.555  3.326 1.001  1400
logitp[70,1]    2.249   0.588   1.081  1.855  2.238  2.640  3.436 1.002  1400
logitp[71,1]    2.321   0.607   1.109  1.912  2.313  2.726  3.546 1.002  1300
logitp[72,1]    2.395   0.627   1.142  1.971  2.388  2.813  3.657 1.002  1200
logitp[73,1]    2.470   0.647   1.171  2.031  2.463  2.904  3.777 1.003  1200
logitp[74,1]    2.548   0.668   1.205  2.092  2.543  2.994  3.899 1.008  1100
logitp[75,1]    2.627   0.690   1.248  2.159  2.623  3.088  4.021 1.004   690
logitp[76,1]    2.708   0.712   1.290  2.225  2.703  3.189  4.143 1.004   680
logitp[77,1]    2.792   0.735   1.326  2.294  2.788  3.287  4.270 1.004   680
logitp[78,1]    2.878   0.758   1.365  2.363  2.873  3.390  4.411 1.004   670
logitp[79,1]    2.967   0.783   1.412  2.435  2.962  3.496  4.549 1.004   660
logitp[80,1]    3.060   0.808   1.460  2.511  3.053  3.606  4.692 1.004   650
logitp[81,1]    3.155   0.834   1.511  2.590  3.150  3.719  4.843 1.004   650
logitp[82,1]    3.255   0.861   1.563  2.671  3.250  3.833  5.004 1.004   640
logitp[83,1]    3.359   0.890   1.608  2.755  3.359  3.953  5.172 1.004   640
logitp[84,1]    3.469   0.920   1.653  2.844  3.468  4.081  5.347 1.004   630
logitp[85,1]    3.583   0.951   1.711  2.940  3.583  4.214  5.530 1.004   630
logitp[86,1]    3.705   0.985   1.767  3.039  3.703  4.356  5.720 1.004   620
logitp[87,1]    3.834   1.020   1.831  3.144  3.833  4.510  5.926 1.004   610
logitp[88,1]    3.971   1.058   1.902  3.252  3.971  4.673  6.148 1.004   610
logitp[89,1]    4.119   1.099   1.979  3.372  4.119  4.851  6.387 1.004   610
logitp[90,1]    4.279   1.143   2.061  3.509  4.281  5.041  6.646 1.004   600
logitp[91,1]    4.454   1.192   2.145  3.656  4.456  5.247  6.929 1.004   600
logitp[92,1]    4.648   1.245   2.244  3.816  4.642  5.474  7.242 1.004   590
logitp[93,1]    4.865   1.305   2.356  3.993  4.860  5.722  7.593 1.004   590
logitp[94,1]    5.113   1.374   2.486  4.191  5.106  6.012  7.981 1.004   580
logitp[95,1]    5.403   1.454   2.625  4.425  5.393  6.360  8.428 1.004   580
logitp[96,1]    5.754   1.552   2.782  4.719  5.740  6.779  8.970 1.004   570
logitp[97,1]    6.203   1.676   2.983  5.085  6.193  7.307  9.661 1.004   570
logitp[98,1]    6.828   1.850   3.263  5.594  6.813  8.049 10.645 1.004   560
 [ reached getOption("max.print") -- omitted 302 rows ]

For each parameter, n.eff is a crude measure of effective sample size,
and Rhat is the potential scale reduction factor (at convergence, Rhat=1).
